10,275
10,221
10,101
10,245
10,191
10,123
11,23
11,19
11,15
8,8
47,4
47,3
47,2
47,1
47,0
46,3
46,2
46,1
46,0
45,5
45,4
45,3
45,2
45,1
45,0
44,4
44,3
44,2
44,1
44,0
42,5
42,4
42,3
42,2
42,1
42,0
39,5
39,4
39,3
39,2
39,1
39,0
37,5
37,4
37,3
37,2
37,1
37,0
33,3
33,1
28,1
28,3
25,3
25,1
20,3
20,2
20,1
19,3
19,2
19,1
18,3
18,1
14,3
14,1
13,3
13,1
12,3
12,2
12,1
11,29
11,25
11,21
11,13
11,11
11,7
11,3
11,2
11,1
10,299
10,237
10,229
10,217
10,189
10,121
10,107
10,21
10,3
10,2
10,1
9,7
9,5
9,3
9,2
9,1
8,18
8,14
8,13
8,12
8,10
8,7
8,4
8,3
8,2
